9780465030798
9780465030910
9780805080124
9780465018475
9780393242072
9780062846716
9781982138127
9780399590504
9780140445770
9780140444490
9780199537822
9780199540280
9780140449495
9780140444711
9780140444216
9780140441185
9780140445152
9780140449235
9780140445145
9780141195377
9780143036272
9780140436327
9780143036326
9780140446197
9780872203495
9780140446456
9780140432930
9780142437605
9780141195353
9780140442106
9780451524935
9780143036357
9780061551826
9781906388300
9780553053401
9780738514703
9781634310369
9780812988406
9781585102334
X001FJEUJD
9780060653200
9780156027533
9780312373511
9780060589462
9780199577491
9780198728023
9780199674534
9780062565419
9781891767142
9780062874788
9780465020690
9780486298238
9780671212094
2900393918884
9780393918861
9781770463691
9781718500440
9781594518317
9780307463746
9781891767135
9780061208492
9780060684129
9780062230508
9780830768783
9780061142666
9781461019541
9781491282625
9780985967604
9780762458684
9780807014295
9780393328202
9781939311092
X001XTE75H
9780691164724
9781593081386
9780316001922
9780393254693
9780609810347
9780060653194
9781590525029
9780684815008
9781610397193
9780140433395
9780060937287
9780812979794
9781449529253
9781491946008
9780134769042
9788590379836
9780143113874
9780062569028
9780399563331
9780399563362
9780399563393
9780064471190
9780345529053
9780393926798
9780452273337
9780670021659
9780393925302
9780393956238
9780140436990
9780394759845
9780385474542
9781593082239
9781586638481
9781586638528
9781593083090
9781593080358
9781476753836
9781942411192
9781101903919
9780525533894
9780848716868
9780811876438
9780765377067
9780765377081
9780544668256
9780765377104
X0007KHFBV
9781593082062
9781586590857
9780375507250
9781451673319
9780385333849
9781631490040
9780874866438
9780062509598
9781451635621
9781501173219
X000WH4P35
9780440418566
9780440418320
9780440418337
9780544272996
9781449471927
9781449457952
9780692246184
9780375703768
9780615314464
9781732102200
9781593272838
9781593275914
9780988262508
9780735619678
9780201616224
9780131103627
9780596517748
9780132350884
9781439860717
9780262510875
9780992978716
9780465024940
9780465025015
9780062643520
9780679723004
9780898701173
9780898700794
9781586174897
9780871406736
9780415567862
9780156334600
9781592404940
9780061724947
9780061729072
9781451636024
9780226287058
9780060009427
9780199538003
9780060850524
9780521528924
9781503250888
9780415254083
9780061575594
9780061253805
9780374533557
9780393353990
9780465026562
9780684824291
9780451528841
9780553585971
9780062432964
9780451528810
9780316219280
9781593081171
9780060520854
9780307278449
9780198739838
9780345816023
9780061994951
9780307719225
9780399563300
9781626251700
9781612197494
9780593098233
9780425284643
9780985930806
9780593098240
9780441172719
9781544508054
9780300181111
9781405159289
9780812973815
9780593098264
9780593098257
9781604336436
9780060555665
9780981531618
9780596514983
9780593098271
9780547928210
9780415922227
9781501124020
9780143122012
9780486404455
9788131792117
9788590379867
9780547928203
9780547928197
9780547572550
9780062311573
9780307476074
9780544338012
9780547928227
9781593080662
9780156013864
9780156012195
9780345404473
9780547572482
9780547572178
9780062906717
9780300180275
9781451663884
9780199214198
9780061713279
9780140445336
9780359360581
9781501156984
9781453886328
9780670033041
9780143038412
9780060670771
9780316204378
9780618706419
9781984854278
9780451163936
9781593080549
9781577315933
9780671882365
9780871407108
9780618689118
9780226240077
9780520294356
9780393931501
9781593080587
9781593080594
9781593080259
9781593082208
9780140449105
2900872201360
9780060652937
9780060652968
9780060653019
9781594634734
9780735224896
9780316228534
9780140177398
9780062498533
9780062498564
9781594634710
9781439141663
9780374508043
9781593082109
9780812695236
9780812695243
9780674000780
9780300245929
